L
 t 1 0 0 t 2 0 1 t 2 0 1 t 2 0 1 t 2 0 1 t 2 0 1 t 2 0 1 t 0 0 1 t 2 0 1 t 2 0 1 t 2 0 1 t 2 0 1 t 0 0 1 t 2 0 1 t 2 0 1 t 2 0 1 t 2 0 1 t 2 0 1 t 2 0 1 t 1 0 1
 t 2 0 1 t 2 0 1 t 1 0 1 t 2 0 1 t 2 0 1 t 2 0 1 t 1 0 1 t 2 0 1 t 2 0 1 t 2 0 1 t 2 0 1 t 2 0 1 t 1 0 1 t 2 0 1 t 2 0 1 t 2 0 1 t 2 0 1 t 0 0 1 t 1 0 1 t 2 0 1
 t 2 0 1 t 2 0 1 t 2 0 1 t 1 0 1 t 2 0 1 t 2 0 1 t 1 0 1 t 2 0 1 t 2 0 1 t 2 0 1 t 2 0 1 t 0 0 1 t 2 0 1 t 2 0 1 t 2 0 1 t 0 0 1 t 1 0 1 t 2 0 1 t 2 0 1 t 2 0 1
 t 2 0 1 t 1 0 1 t 2 0 1 t 2 0 1 t 0 0 1 t 1 0 1 t 2 0 1 t 2 0 1 t 2 0 1 t 1 0 1 t 2 0 1 t 2 0 1 t 0 0 1 t 2 0 1 t 2 0 1 t 2 0 1 t 2 0 1 t 2 0 1 t 1 0 1 t 1 0 1
 t 0 0 1 t 1 0 1 t 0 0 1 t 2 0 1 t 2 0 1 t 2 0 1 t 1 0 1 t 2 0 1 t 2 0 1 t 2 0 1 t 2 0 1 t 2 0 1 t 2 0 1 t 2 0 1 t 2 0 1 t 2 0 1 t 2 0 1 t 0 0 1 t 0 0 1 t 2 0 1
 t 2 0 1 t 2 0 1 t 2 0 1 t 2 0 1 t 2 0 1 t 2 0 1 t 2 0 1 t 2 0 1 t 2 0 1 t 1 0 1 t 2 0 1 t 2 0 1 t 1 0 1 t 2 0 1 t 2 0 1 t 0 0 1 t 2 0 1 t 2 0 1 t 1 0 1 t 2 0 1
 t 2 0 1 t 0 0 1 t 2 0 1 t 0 0 1 t 0 0 1 t 2 0 1 t 0 0 1 t 2 0 1 t 2 0 1 t 2 0 1 t 2 0 1 t 2 0 1 t 2 0 1 t 2 0 1 t 2 0 1 t 2 0 1 t 2 0 1 t 2 0 1 t 2 0 1 t 2 0 1
 t 1 0 1 t 2 0 1 t 2 0 1 t 2 0 1 t 2 0 1 t 1 0 1 t 2 0 1 t 1 0 1 t 0 0 1 t 2 0 1 t 2 0 1 t 0 0 1 t 2 0 1 t 2 0 1 t 2 0 1 t 2 0 1 t 2 0 1 t 2 0 1 t 0 0 1 t 1 0 1
 t 1 0 1 t 2 0 1 t 1 0 1 t 2 0 1 t 2 0 1 t 2 0 1 t 2 0 1 t 2 0 1 t 1 0 1 t 2 0 1 t 2 0 1 t 1 0 1 t 2 0 1 t 2 0 1 t 0 0 1 t 2 0 1 t 0 0 1 t 2 0 1 t 2 0 1 t 0 0 1
 t 2 0 1 t 2 0 1 t 2 0 1 t 2 0 1 t 2 0 1 t 1 0 1 t 1 0 1 t 1 0 1 t 1 0 1 t 2 0 1 t 0 0 1 t 1 0 1 t 2 0 1 t 2 0 1 t 0 0 1 t 2 0 1 t 2 0 1 t 2 0 1 t 0 0 1 t 2 0 1
 t 2 0 1 t 2 0 1 t 2 0 1 t 2 0 1 t 2 0 1 t 2 0 1 t 1 0 1 t 2 0 1 t 1 0 1 t 0 0 1 t 1 0 1 t 0 0 1 t 1 0 1 t 2 0 1 t 2 0 1 t 2 0 1 t 2 0 1 t 2 0 1 t 2 0 1 t 2 0 1
 t 2 0 1 t 2 0 1 t 2 0 1 t 2 0 1 t 2 0 1 t 2 0 1 t 0 0 1 t 0 0 1 t 2 0 1 t 2 0 1 t 2 0 1 t 1 0 1 t 2 0 1 t 2 0 1 t 2 0 1 t 1 0 1 t 2 0 1 t 2 0 1 t 2 0 1 t 2 0 1
 t 2 0 1 t 2 0 1 t 2 0 1 t 2 0 1 t 2 0 1 t 2 0 1 t 0 0 1 t 2 0 1 t 2 0 1 t 2 0 1 t 2 0 1 t 2 0 1 t 2 0 1 t 2 0 1 t 1 0 1 t 2 0 1 t 2 0 1 t 2 0 1 t 2 0 1 t 1 0 1
 t 1 0 1 t 1 0 1 t 1 0 1 t 2 0 1 t 2 0 1 t 2 0 1 t 2 0 1 t 2 0 1 t 2 0 1 t 2 0 1 t 2 0 1 t 2 0 1 t 2 0 1 t 1 0 1 t 1 0 1 t 2 0 1 t 2 0 1 t 2 0 1 t 2 0 1 t 0 0 1
 t 0 0 1 t 2 0 1 t 2 0 1 t 2 0 1 t 2 0 1 t 2 0 1 t 2 0 1 t 2 0 1 t 0 0 1 t 2 0 1 t 2 0 1 t 0 0 1 t 0 0 1 t 2 0 1 t 2 0 1 t 2 0 1 t 0 0 1 t 1 0 1 t 1 0 1 t 1 0 1
 t 1 0 1 t 2 0 1 t 2 0 1 t 2 0 1 t 2 0 1 t 2 0 1 t 2 0 1 t 1 0 1 t 1 0 1 t 1 0 1 t 2 0 1 t 2 0 1 t 2 0 1 t 1 0 1 t 2 0 1 t 2 0 1 t 2 0 1 t 0 0 1 t 2 0 1 t 1 0 1
 t 2 0 1 t 2 0 1 t 2 0 1 t 2 0 1 t 2 0 1 t 2 0 1 t 1 0 1 t 2 0 1 t 2 0 1 t 2 0 1 t 0 0 1 t 2 0 1 t 1 0 1 t 2 0 1 t 2 0 1 t 2 0 1 t 1 0 1 t 2 0 1 t 0 0 1 t 2 0 1
 t 2 0 1 t 2 0 1 t 2 0 1 t 2 0 1 t 2 0 1 t 0 0 1 t 2 0 1 t 2 0 1 t 0 0 1 t 2 0 1 t 2 0 1 t 2 0 1 t 2 0 1 t 2 0 1 t 2 0 1 t 2 0 1 t 2 0 1 t 2 0 1 t 0 0 1 t 2 0 1
 t 2 0 1 t 0 0 1 t 2 0 1 t 2 0 1 t 1 0 1 t 2 0 1 t 2 0 1 t 2 0 1 t 2 0 1 t 1 0 1 t 2 0 1 t 2 0 1 t 0 0 1 t 2 0 1 t 2 0 1 t 2 0 1 t 1 0 1 t 2 0 1 t 2 0 1 t 2 0 1
 t 1 0 1 t 2 0 1 t 2 0 1 t 2 0 1 t 0 0 1 t 2 0 1 t 2 0 1 t 2 0 1 t 2 0 1 t 0 0 1 t 1 0 1 t 2 0 1 t 2 0 1 t 2 0 1 t 0 0 1 t 2 0 1 t 2 0 1 t 2 0 1 t 2 0 1 t 2 0 1
