L
 t 2 1 1 t 2 0 1 t 1 0 1 t 2 0 1 t 0 0 1 t 2 0 1 t 2 0 1 t 2 0 1 t 1 0 1 t 0 0 1 t 2 0 1 t 2 0 1 t 2 0 1 t 2 0 1 t 0 0 1 t 2 0 1 t 2 0 1 t 1 0 1 t 2 0 1 t 2 0 1
 t 2 0 1 t 2 0 1 t 2 0 1 t 0 0 1 t 2 0 1 t 2 0 1 t 1 0 1 t 2 0 1 t 2 1 1 t 0 0 1 t 1 0 0 t 2 0 1 t 2 1 1 t 2 0 1 t 1 0 1 t 2 0 1 t 2 0 1 t 2 0 1 t 2 0 1 t 0 0 1
 t 1 0 1 t 2 0 1 t 2 0 1 t 2 0 1 t 2 0 1 t 2 0 1 t 2 0 1 t 2 0 1 t 2 0 1 t 2 0 1 t 2 1 1 t 2 1 1 t 2 1 1 t 0 0 1 t 0 0 1 t 2 0 1 t 2 0 1 t 2 0 1 t 2 0 1 t 2 0 1
 t 1 0 1 t 0 0 1 t 2 0 1 t 1 0 1 t 2 0 1 t 2 0 1 t 0 0 1 t 2 0 1 t 2 0 1 t 2 1 1 t 1 0 1 t 2 1 1 t 2 1 1 t 2 0 1 t 2 0 1 t 2 0 1 t 2 0 1 t 2 0 1 t 2 0 1 t 2 0 1
 t 2 0 1 t 2 0 1 t 1 0 1 t 2 0 1 t 2 0 1 t 1 0 1 t 2 0 1 t 2 0 1 t 2 0 1 t 0 0 1 t 2 0 1 t 2 0 1 t 2 0 1 t 2 1 1 t 2 0 1 t 2 0 1 t 2 0 1 t 2 0 1 t 2 0 1 t 2 0 1
 t 2 0 1 t 1 0 1 t 0 0 1 t 2 0 1 t 2 0 1 t 2 0 1 t 2 0 1 t 2 0 1 t 0 0 1 t 1 0 1 t 2 0 1 t 2 0 1 t 1 0 1 t 2 0 1 t 2 0 1 t 2 0 1 t 2 1 1 t 1 0 1 t 2 1 1 t 2 0 1
 t 2 0 1 t 2 0 1 t 2 0 1 t 2 0 1 t 2 0 1 t 1 0 1 t 2 0 1 t 0 0 0 t 2 1 1 t 2 0 1 t 2 0 1 t 2 1 1 t 2 0 1 t 2 0 1 t 2 0 1 t 1 0 0 t 2 1 1 t 2 0 1 t 1 0 1 t 2 0 1
 t 2 0 1 t 2 0 1 t 1 0 1 t 2 0 1 t 2 0 1 t 2 0 1 t 2 0 1 t 2 0 1 t 2 1 1 t 2 1 1 t 1 0 1 t 2 0 1 t 0 0 0 t 2 1 1 t 2 0 1 t 2 1 1 t 2 1 1 t 1 0 1 t 2 0 1 t 1 0 1
 t 2 0 1 t 0 0 1 t 0 0 1 t 2 0 1 t 2 0 1 t 2 0 1 t 2 0 1 t 2 0 1 t 2 1 1 t 2 1 1 t 2 0 1 t 1 0 1 t 0 0 1 t 1 0 1 t 0 0 1 t 1 0 1 t 2 0 1 t 0 0 1 t 2 0 1 t 2 0 1
 t 2 0 1 t 2 0 1 t 2 0 1 t 2 0 1 t 2 0 1 t 2 0 1 t 2 0 1 t 0 0 1 t 2 1 1 t 2 1 1 t 2 0 1 t 0 0 0 t 2 1 1 t 2 0 1 t 1 0 1 t 0 0 1 t 2 0 1 t 2 0 1 t 2 1 1 t 2 1 1
 t 2 0 1 t 2 0 1 t 2 0 1 t 0 0 1 t 2 0 1 t 2 0 1 t 2 0 1 t 1 0 1 t 2 1 1 t 2 1 1 t 2 0 1 t 2 0 1 t 2 1 1 t 2 1 1 t 2 0 1 t 2 0 1 t 0 0 1 t 2 0 1 t 0 0 1 t 2 1 1
 t 2 0 1 t 2 0 1 t 2 0 1 t 2 0 1 t 2 0 1 t 2 0 1 t 2 0 1 t 2 0 1 t 2 1 1 t 2 0 1 t 2 1 1 t 2 1 1 t 1 0 0 t 0 0 0 t 2 0 1 t 2 0 1 t 2 0 1 t 2 0 1 t 2 0 1 t 2 0 1
 t 1 0 1 t 1 0 1 t 2 0 1 t 2 0 1 t 2 0 1 t 2 0 1 t 2 0 1 t 2 0 1 t 2 1 1 t 2 1 1 t 1 0 0 t 0 0 0 t 2 0 1 t 2 0 1 t 2 0 1 t 2 0 1 t 2 0 1 t 1 0 1 t 2 0 1 t 2 0 1
 t 1 0 1 t 0 0 1 t 2 0 1 t 1 0 1 t 2 0 1 t 2 0 1 t 2 0 1 t 2 0 1 t 2 1 1 t 1 0 0 t 2 1 1 t 1 0 1 t 2 1 1 t 2 0 1 t 2 0 1 t 2 0 1 t 1 0 1 t 2 0 1 t 2 0 1 t 2 0 1
 t 2 0 1 t 2 0 1 t 0 0 1 t 2 0 1 t 2 0 1 t 2 0 1 t 1 0 1 t 2 0 1 t 2 1 1 t 2 1 1 t 2 1 1 t 2 0 1 t 2 1 1 t 1 0 0 t 2 0 1 t 2 0 1 t 2 0 1 t 1 0 1 t 2 0 1 t 1 0 1
 t 2 0 1 t 2 0 1 t 2 0 1 t 2 0 1 t 1 0 1 t 2 0 1 t 1 0 1 t 2 0 1 t 2 1 1 t 2 0 1 t 2 1 1 t 2 0 1 t 2 0 1 t 0 0 0 t 1 0 1 t 2 0 1 t 1 0 1 t 2 0 1 t 2 0 1 t 0 0 1
 t 2 0 1 t 2 0 1 t 2 0 1 t 2 0 1 t 2 0 1 t 2 0 1 t 2 0 1 t 0 0 1 t 2 0 1 t 0 0 1 t 0 0 0 t 2 0 1 t 2 0 1 t 2 0 1 t 1 0 1 t 2 0 1 t 0 0 1 t 2 0 1 t 0 0 1 t 2 0 1
 t 2 0 1 t 2 0 1 t 2 0 1 t 2 0 1 t 0 0 1 t 1 0 1 t 2 0 1 t 2 0 1 t 2 0 1 t 2 0 1 t 2 0 1 t 2 0 1 t 2 0 1 t 2 0 1 t 2 0 1 t 2 0 1 t 2 0 1 t 2 0 1 t 2 0 1 t 2 0 1
 t 2 0 1 t 2 0 1 t 0 0 1 t 2 0 1 t 2 0 1 t 2 0 1 t 0 0 1 t 2 0 1 t 2 0 1 t 2 0 1 t 2 0 1 t 2 0 1 t 2 0 1 t 2 0 1 t 2 0 1 t 2 0 1 t 2 0 1 t 0 0 1 t 2 0 1 t 0 0 1
 t 2 0 1 t 2 0 1 t 2 0 1 t 2 0 1 t 2 0 1 t 0 0 1 t 2 0 1 t 2 0 1 t 2 0 1 t 0 0 1 t 1 0 1 t 0 0 1 t 0 0 1 t 2 0 1 t 0 0 1 t 2 0 1 t 2 0 1 t 2 0 1 t 2 0 1 t 0 0 1
